0.0001	24.8987517337032	
0.0002	23.8825857519789	
0.0004	21.4973388527499	
0.0006	21.053395240859		
0.0008	20.9119861030689	
0.001	19.904788112273		
0.002	17.3601735776278	
0.004	16.7248479176416	
0.006	16.4931444241316	
0.008	15.5437608318891	
0.01	14.8523294509151	
0.02	13.7071566731141	
0.04	12.5402298850575	
0.06	11.0816784112748	
0.08	10.3224834237492	
0.1	10.0980450236967	
0.2	7.63644794806399	
0.4	5.60638490839833	
0.6	4.54201350714622	
0.8	3.82194092827004	
1	3.34154203197525	
2	2.2387764084507		
4	1.70546679708727	
6	1.41347200386988	
8	1.35403726708075	
10	1.22565663036515	

