0.0001	   2.89558232931727
0.0002	   3.1129363449692
0.0004	   2.86610169491525
0.0006	   3.04416961130742
0.0008	   2.8218954248366
0.001	   2.71599402092676
0.002	   2.97988505747126
0.004	   2.9435261707989
0.006	   2.70123456790123
0.008	   2.79081015719468
0.01	   2.87216248506571
0.02	   2.91431792559188
0.04	   2.59459459459459
0.06	   2.61693210393965
0.08	   2.59827721221613
0.1	   2.43227665706052
0.2	   2.34657236126224
0.4	   2.04185185185185
0.6	   1.70972073039742
0.8	   1.46296296296296
1	   1.39346029464607
2	   1.02273238802611
4	   0.837978142076503
6	   0.730412507728999
8	   0.694160652357297
10	   0.647986716479867

