0.0001	     72.0963855421687
0.0002	     74.3449691991786
0.0004	     61.6135593220339
0.0006	     64.0901060070671
0.0008	     59.0114379084967
0.001	     54.0612855007474
0.002	     51.7313218390805
0.004	     49.2300275482094
0.006	     44.5518518518519
0.008	     43.3796856106409
0.01	     42.6583034647551
0.02	     39.9470124013529
0.04	     32.5368126747437
0.06	     29 	     
0.08	     26.8206734534064
0.1	     24.5612391930836
0.2	     17.9194776931447
0.4	     11.4474074074074
0.6	     7.765574650913  
0.8	     5.59135802469136
1	     4.65630614444844
2	     2.2896691424713 
4	     1.42914389799636
6	     1.03241763095133
8	     0.939919392632862
10	     0.794209215442092

