#data in  MICRO-B  
851.        2.168e-03   4.580e-04   
863.        4.053e-03   5.494e-04   
869.        4.799e-03   6.986e-04   
871.        6.489e-03   8.298e-04   
876.        6.632e-03   7.264e-04   
880.        5.686e-03   6.002e-04   
884.        4.556e-03   4.906e-04   
889.        5.058e-03   6.189e-04   
892.        3.696e-03   5.418e-04   
894.        3.943e-03   5.904e-04   
898.        5.044e-03   5.884e-04   
903.        6.328e-03   6.411e-04   
910.        6.648e-03   7.202e-04   
914.        7.031e-03   6.993e-04   
919.        7.942e-03   7.911e-04   
929.        7.222e-03   9.614e-04   
934.        8.956e-03   1.444e-03   
938.        3.814e-02   3.683e-03   
942.        2.753e-01   2.315e-02   
945.        4.274e-01   3.528e-02   
946.        4.911e-01   4.045e-02   
948.        4.597e-01   3.785e-02   
950.        3.885e-01   3.231e-02   
952.        2.673e-01   2.273e-02   
953.        1.599e-01   1.414e-02   
955.        8.874e-02   7.352e-03   
957.        4.299e-02   3.701e-03   
961.        2.252e-02   2.129e-03   
966.        1.933e-02   1.856e-03   
970.        2.062e-02   1.902e-03   
973.        1.883e-02   1.808e-03   
974.        1.926e-02   1.811e-03   
975.        1.933e-02   1.826e-03   
980.        1.850e-02   1.830e-03   
985.        2.177e-02   2.268e-03   
990.        2.401e-02   2.186e-03   
995.        3.634e-02   3.244e-03   
1000.       6.165e-02   5.307e-03   
1005.       6.412e-02   5.624e-03   
1010.       5.358e-02   4.792e-03   
1015.       4.194e-02   3.853e-03   
1019.       4.155e-02   3.758e-03   
1025.       4.828e-02   4.493e-03   
1030.       5.025e-02   4.608e-03   
1036.       5.828e-02   5.118e-03   
1041.       7.564e-02   6.581e-03   
1045.       1.148e-01   9.777e-03   
1047.       1.472e-01   1.237e-02   
1049.       1.987e-01   1.655e-02   
1051.       2.991e-01   2.474e-02   
1053.       3.616e-01   2.987e-02   
1056.       4.084e-01   3.366e-02   
1057.       3.946e-01   3.261e-02   
1059.       3.598e-01   2.991e-02   
1061.       3.003e-01   2.509e-02   
1062.       2.296e-01   1.942e-02   
1064.       1.645e-01   1.399e-02   
1066.       1.015e-01   8.822e-03   
1066.       9.783e-02   8.486e-03   
1068.       5.810e-02   5.528e-03   
1070.       4.736e-02   4.726e-03   
1071.       3.527e-02   4.023e-03   
1072.       4.028e-02   4.026e-03   
1077.       3.697e-02   3.586e-03   
1081.       4.435e-02   4.112e-03   
1086.       5.404e-02   4.846e-03   
1090.       6.368e-02   5.583e-03   
1095.       7.735e-02   6.848e-03   
1102.       9.457e-02   8.168e-03   
1107.       1.181e-01   9.812e-03   
1112.       1.464e-01   1.267e-02   
1117.       1.875e-01   1.566e-02   
1117.       1.828e-01   1.551e-02   
1122.       2.582e-01   2.201e-02   
1126.       3.435e-01   2.946e-02   
1132.       5.229e-01   4.389e-02   
1138.       1.599e+00   1.369e-01   
1142.       1.171e+01   9.793e-01   
1144.       2.916e+01   2.421e+00   
1146.       5.137e+01   4.215e+00   
1148.       6.694e+01   5.512e+00   
1150.       8.212e+01   6.721e+00   
1152.       8.468e+01   6.971e+00   
1154.       7.226e+01   5.944e+00   
1156.       5.859e+01   4.832e+00   
1158.       3.584e+01   2.934e+00   
1160.       2.246e+01   1.847e+00   
1161.       1.228e+01   1.020e+00   
1163.       7.566e+00   6.335e-01   
1165.       3.132e+00   2.584e-01   
1167.       2.148e+00   1.824e-01   
1169.       1.487e+00   1.278e-01   
1171.       1.224e+00   1.002e-01   
1176.       5.311e-01   4.433e-02   
1182.       2.478e-01   2.160e-02   
1186.       1.719e-01   1.523e-02   
1191.       1.322e-01   1.227e-02   
1195.       1.413e-01   1.258e-02   
1200.       1.367e-01   1.261e-02   
1200.       1.260e-01   1.206e-02   
1205.       1.273e-01   1.203e-02   
1205.       1.348e-01   1.260e-02   
1211.       1.295e-01   1.232e-02   
1215.       1.370e-01   1.229e-02   
1220.       1.485e-01   1.295e-02   
1225.       1.707e-01   1.509e-02   
1230.       1.619e-01   1.375e-02   
1234.       1.837e-01   1.628e-02   
1242.       2.279e-01   2.101e-02   
1246.       2.733e-01   2.666e-02   
1251.       3.172e-01   3.111e-02   
1257.       1.200e+00   1.085e-01   
1262.       9.338e+00   7.922e-01   
1266.       2.120e+01   1.735e+00   
1268.       2.871e+01   2.390e+00   
1270.       2.961e+01   2.478e+00   
1271.       2.841e+01   2.377e+00   
1276.       1.531e+01   1.277e+00   
1281.       4.743e+00   3.965e-01   
1286.       2.293e+00   1.961e-01   
1291.       1.750e+00   1.519e-01   
1296.       1.890e+00   1.622e-01   
1301.       2.819e+00   2.474e-01   
1306.       1.613e+01   1.359e+00   
1311.       1.045e+02   8.677e+00   
1312.       1.295e+02   1.076e+01   
1315.       1.868e+02   1.550e+01   
1317.       1.960e+02   1.607e+01   
1319.       1.924e+02   1.598e+01   
1322.       1.463e+02   1.206e+01   
1327.       4.945e+01   4.074e+00   
1331.       1.502e+01   1.249e+00   
1337.       6.265e+00   5.192e-01   
1341.       4.067e+00   3.421e-01   
1346.       2.668e+00   2.288e-01   
1351.       2.322e+00   1.959e-01   
1356.       2.256e+00   1.948e-01   
1361.       2.445e+00   2.102e-01   
1366.       2.500e+00   2.136e-01   
1371.       2.561e+00   2.217e-01   
1376.       2.902e+00   2.489e-01   
1381.       3.347e+00   2.860e-01   
1386.       3.476e+00   2.993e-01   
1391.       4.028e+00   3.441e-01   
1396.       4.663e+00   3.998e-01   
1401.       5.255e+00   4.468e-01   
1407.       5.943e+00   5.044e-01   
1412.       7.414e+00   6.295e-01   
1417.       8.926e+00   7.464e-01   
1421.       1.108e+01   9.299e-01   
1427.       1.718e+01   1.406e+00   
1432.       4.565e+01   3.724e+00   
1437.       1.776e+02   1.446e+01   
1442.       2.884e+02   2.355e+01   
1448.       1.991e+02   1.620e+01   
1453.       7.710e+01   6.338e+00   
1458.       4.566e+01   3.793e+00   
1463.       4.380e+01   3.621e+00   
1468.       4.797e+01   4.075e+00   
1469.       5.543e+01   4.634e+00   
1475.       6.821e+01   5.705e+00   
1479.       8.038e+01   6.674e+00   
1483.       1.064e+02   9.102e+00   
1487.       1.102e+02   9.277e+00   
1490.       1.135e+02   9.553e+00   
1494.       1.390e+02   1.156e+01   
1499.       1.990e+02   1.671e+01   
1503.       2.655e+02   2.219e+01   
1507.       3.671e+02   3.120e+01   
1511.       5.051e+02   4.172e+01   
1513.       5.953e+02   4.907e+01   
1515.       6.869e+02   5.730e+01   
1516.       8.417e+02   6.937e+01   
1518.       9.602e+02   8.069e+01   
1520.       1.009e+03   8.415e+01   
1522.       1.092e+03   9.237e+01   
1524.       1.190e+03   9.901e+01   
1526.       1.183e+03   9.761e+01   
1529.       1.162e+03   9.702e+01   
1531.       1.129e+03   9.336e+01   
1532.       1.053e+03   8.690e+01   
1534.       9.591e+02   8.053e+01   
1536.       8.821e+02   7.336e+01   
1538.       8.172e+02   6.841e+01   
1540.       7.215e+02   5.981e+01   
1542.       6.407e+02   5.321e+01   
1544.       5.953e+02   4.985e+01   
1546.       5.260e+02   4.414e+01   
1548.       4.928e+02   4.146e+01   
1552.       4.040e+02   3.352e+01   
1560.       2.701e+02   2.244e+01   
1564.       2.290e+02   1.925e+01   
1567.       1.953e+02   1.651e+01   
1572.       1.732e+02   1.482e+01   
1575.       1.508e+02   1.252e+01   
1579.       1.333e+02   1.124e+01   
1583.       1.241e+02   1.056e+01   
1587.       1.126e+02   9.374e+00   
1591.       1.034e+02   8.560e+00   
1595.       9.723e+01   8.133e+00   
1599.       9.349e+01   7.826e+00   
1603.       8.636e+01   7.355e+00   
1607.       8.326e+01   7.114e+00   
1611.       7.912e+01   6.820e+00   
1615.       7.366e+01   6.180e+00   
1619.       7.493e+01   6.473e+00   
1623.       6.738e+01   5.783e+00   
1628.       6.550e+01   5.587e+00   
1631.       6.345e+01   5.412e+00   
1635.       6.230e+01   5.279e+00   
1639.       5.955e+01   5.090e+00   
1643.       6.236e+01   5.354e+00   
1647.       6.002e+01   5.129e+00   
1651.       5.715e+01   4.895e+00   
1655.       6.259e+01   5.349e+00   
1659.       6.784e+01   5.833e+00   
1663.       6.503e+01   5.616e+00   
1667.       5.575e+01   4.756e+00   
1671.       5.473e+01   4.674e+00   
1675.       5.213e+01   4.441e+00   
1683.       5.457e+01   4.603e+00   
1687.       5.302e+01   4.439e+00   
1691.       5.614e+01   4.729e+00   
1695.       5.343e+01   4.479e+00   
1699.       5.346e+01   4.506e+00   
1703.       5.659e+01   4.804e+00   
1707.       5.331e+01   4.494e+00   
1711.       5.586e+01   4.720e+00   
1715.       5.756e+01   4.821e+00   
1719.       5.889e+01   4.855e+00   
1723.       5.558e+01   4.747e+00   
1727.       5.813e+01   4.883e+00   
1731.       6.038e+01   5.192e+00   
1735.       5.803e+01   4.986e+00   
1739.       6.002e+01   5.102e+00   
1743.       6.181e+01   5.262e+00   
1747.       6.170e+01   5.046e+00   
1751.       6.310e+01   5.242e+00   
1755.       6.445e+01   5.337e+00   
1759.       6.403e+01   5.452e+00   
1763.       6.717e+01   5.673e+00   
1767.       6.726e+01   5.642e+00   
1771.       6.867e+01   5.846e+00   
1775.       6.676e+01   5.591e+00   
1779.       7.288e+01   6.133e+00   
1783.       7.120e+01   6.083e+00   
1787.       7.414e+01   6.292e+00   
1791.       7.369e+01   6.251e+00   
1795.       7.411e+01   6.211e+00   
1799.       8.460e+01   7.054e+00   
1803.       9.025e+01   7.593e+00   
1807.       9.962e+01   8.425e+00   
1811.       1.267e+02   1.089e+01   
1815.       1.363e+02   1.162e+01   
1820.       1.449e+02   1.249e+01   
1820.       1.507e+02   1.306e+01   
1824.       1.413e+02   1.223e+01   
1827.       1.570e+02   1.358e+01   
1831.       1.889e+02   1.626e+01   
1836.       2.388e+02   2.060e+01   
1840.       2.976e+02   2.542e+01   
1842.       3.221e+02   2.783e+01   
1844.       3.460e+02   2.991e+01   
1846.       4.017e+02   3.483e+01   
1848.       5.024e+02   4.264e+01   
1850.       6.651e+02   5.740e+01   
1852.       8.252e+02   7.249e+01   
1853.       1.347e+03   1.649e+02   
1855.       2.395e+03   2.832e+02   
1857.       3.569e+03   4.180e+02   
1859.       4.886e+03   5.464e+02   
1861.       7.238e+03   8.475e+02   
1863.       9.319e+03   1.052e+03   
1865.       1.014e+04   1.159e+03   
1867.       9.875e+03   1.143e+03   
1870.       6.941e+03   7.876e+02   
1871.       6.099e+03   6.075e+02   
1873.       4.196e+03   4.222e+02   
1875.       2.815e+03   2.739e+02   
1877.       1.933e+03   1.917e+02   
1879.       1.244e+03   1.195e+02   
1881.       1.015e+03   9.791e+01   
1883.       8.121e+02   7.993e+01   
1885.       6.879e+02   6.593e+01   
1887.       5.220e+02   5.259e+01   
1889.       3.657e+02   3.673e+01   
1891.       3.203e+02   3.149e+01   
1896.       2.534e+02   2.558e+01   
1901.       2.124e+02   2.127e+01   
1906.       1.684e+02   1.682e+01   
1911.       1.674e+02   1.689e+01   
1916.       1.567e+02   1.534e+01   
1921.       1.415e+02   1.416e+01   
1926.       1.418e+02   1.427e+01   
1931.       1.422e+02   1.446e+01   
1932.       1.487e+02   1.524e+01   
1935.       1.562e+02   1.608e+01   
1940.       1.371e+02   1.339e+01   
1945.       1.821e+02   1.843e+01   
1950.       5.420e+02   5.471e+01   
1955.       1.461e+03   1.466e+02   
1960.       1.395e+03   1.268e+02   
1965.       7.769e+02   7.127e+01   
1970.       2.637e+02   2.410e+01 
