#EN          EN-ERR      EN-RSL      DATA        -ERR-T      +ERR-T      -ERR-2      +ERR-2      MISC        MISC-ERR    ERR-1       
#MEV         MEV         MEV         MB          MB          MB          MB          MB          MB          MB          MB          
3.92        0.017       0.0135      30.9        2.7         2.7         2.          2.                                              
3.95        0.017       0.013       45.4        3.1         3.1         1.6         1.6                                             
3.96        0.017       0.013       53.8        3.7         3.7         1.8         1.8                                             
3.99        0.017       0.013       67.         4.2         4.2         1.2         1.2                                             
4.01        0.017       0.013       47.5        3.1         3.1         1.1         1.1                                             
4.04        0.017       0.013       53.6        3.5         3.5         1.4         1.4                                             
4.07        0.017       0.013       63.         4.5         4.5         2.5         2.5                                             
4.09        0.017       0.013       78.6        5.4         5.4         2.7         2.7                                             
4.11        0.017       0.013       49.5        4.6         4.6         3.5         3.5                                             
4.14        0.017       0.013       42.7        4.7         4.7         3.9         3.9                                             
4.143       0.005       0.013       33.2        5.4         5.4         5.          5.                                              
4.17        0.017       0.013       50.7        3.6         3.6         1.9         1.9                                             
4.19        0.017       0.013       39.4        3.4         3.4         2.5         2.5                                             
4.22        0.017       0.0125      86.         5.8         5.8         2.6         2.6                                             
4.24        0.017       0.0125      93.1        5.7         5.7         1.2         1.2                                             
4.27        0.017       0.0125      105.7       7.3         7.3         3.5         3.5                                             
4.29        0.017       0.0125      82.5        5.8         5.8         3.1         3.1                                             
4.316       0.005       0.0125      104.1       6.6         6.6         2.          2.                                              
4.32        0.017       0.0125      96.9        6.          6.          1.5         1.5                                             
4.34        0.017       0.0125      64.9        5.3         5.3         3.7         3.7                                             
4.37        0.017       0.0125      57.1        5.8         5.8         4.7         4.7                                             
4.39        0.017       0.0125      55.1        4.7         4.7         3.3         3.3                                             
4.42        0.017       0.0125      56.6        4.1         4.1         2.4         2.4                                             
4.44        0.017       0.0125      72.6        5.1         5.1         2.7         2.7                                             
4.47        0.017       0.0125      137.3       13.2        13.2        10.3        10.3                                            
4.49        0.017       0.0125      137.7       8.8         8.8         3.          3.                                              
4.51        0.017       0.012       104.5       11.6        11.6        3.7         3.7         25.         6.                      
4.57        0.017       0.012       170.1       12.9        12.9        1.9         1.9         51.         6.                      
4.604       0.005       0.012       143.8       14.1        14.1        5.2         5.2         51.         6.                      
4.626       0.005       0.012       176.5       15.9        15.9        4.4         4.4         51.         6.          5.7         
4.634       0.005       0.012       182.        14.         14.         2.7         2.7         51.         6.                      
4.644       0.005       0.012       167.        14.4        14.4        4.3         4.3         51.         6.                      
4.654       0.005       0.012       153.5       14.9        14.9        5.7         5.7         51.         6.                      
4.66        0.017       0.012       187.9       12.4        12.4        5.1         5.1                                             
4.663       0.005       0.012       149.9       9.4         9.4         2.6         2.6                                             
4.67        0.017       0.012       181.3       12.5        12.5        6.2         6.2                                             
4.681       0.005       0.012       174.9       17.8        17.8        7.1         7.1                                 12.5        
4.686       0.005       0.012       192.4       12.3        12.3        3.7         3.7                                             
4.706       0.005       0.012       173.2       15.9        15.9        6.4         6.4                                 10.2        
4.71        0.017       0.012       171.8       11.1        11.1        3.8         3.8                                             
4.731       0.005       0.012       119.4       12.4        12.4        7.6         7.6                                 6.6         
4.756       0.005       0.012       164.1       15.2        15.2        3.7         3.7                                 10.9        
4.76        0.017       0.012       66.         5.1         5.1         3.2         3.2                                             
4.769       0.005       0.012       71.3        9.1         9.1         3.8         3.8                                 7.1         
4.78        0.017       0.012       75.         5.          5.          2.2         2.2                                             
4.791       0.005       0.012       62.5        5.9         5.9         3.4         3.4                                 3.1         
4.81        0.017       0.012       94.1        8.5         8.5         6.3         6.3                                             
4.87        0.017       0.0115      87.1        5.6         5.6         2.1         2.1                                             
4.88        0.017       0.0115      88.4        5.6         5.6         1.9         1.9                                             
4.92        0.017       0.0115      106.5       15.1        15.1        13.7        13.7                                            
4.99        0.017       0.0115      125.2       12.3        12.3        3.7         3.7         14.         6.                      
4.994       0.005       0.0115      132.6       11.5        11.5        2.2         2.2         14.         6.                      
5.019       0.005       0.0115      127.3       11.2        11.2        2.2         2.2         28.         6.                      
5.02        0.017       0.0115      137.2       11.6        11.6        2.1         2.1         28.         6.                      
5.14        0.017       0.0115      135.5       10.2        10.2        6.2         6.2                                             
5.169       0.005       0.0115      126.1       10.5        10.5        2.9         2.9                                             
5.23        0.017       0.011       124.1       11.2        11.2        8.4         8.4                                             
5.294       0.005       0.011       251.4       18.         18.         5.9         5.9         25.         4.                      
5.319       0.005       0.011       296.1       20.         20.         5.1         5.1         25.         4.                      
5.344       0.005       0.011       201.4       14.4        14.4        3.9         3.9         25.         4.                      
5.361       0.005       0.011       208.5       15.1        15.1        4.4         4.4         25.         4.                      
5.392       0.005       0.011       241.4       16.1        16.1        3.          3.          25.         4.                      
5.419       0.005       0.011       226.6       15.3        15.3        2.9         2.9         25.         4.                      
5.445       0.005       0.011       197.4       15.8        15.8        5.7         5.7         25.         4.                      
5.47        0.005       0.011       198.4       12.6        12.6        4.1         4.1                                             
5.495       0.005       0.011       187.3       11.6        11.6        2.8         2.8                                             
5.519       0.005       0.011       178.        13.3        13.3        7.9         7.9                                             
5.544       0.005       0.011       201.2       12.9        12.9        4.6         4.6                                             
5.57        0.005       0.011       232.7       14.2        14.2        2.6         2.6                                             
5.594       0.005       0.011       261.        15.9        15.9        2.8         2.8                                             
5.644       0.005       0.011       143.2       11.5        11.5        7.6         7.6                                             
5.669       0.005       0.011       93.7        10.7        10.7        9.1         9.1                                             
5.694       0.005       0.011       168.9       10.8        10.8        3.6         3.6                                             
5.72        0.005       0.0105      212.6       13.1        13.1        3.          3.                                              
5.745       0.005       0.0105      181.9       11.3        11.3        2.8         2.8                                             
5.797       0.005       0.0105      235.3       15.8        15.8        3.          3.          20.         4.                      
5.82        0.005       0.0105      279.5       18.4        18.4        3.5         3.5         41.         4.                      
5.845       0.005       0.0105      329.4       21.         21.         3.          3.          41.         4.                      
5.87        0.005       0.0105      308.4       19.7        19.7        2.8         2.8         41.         4.                      
5.895       0.005       0.0105      258.1       17.6        17.6        4.3         4.3         41.         4.                      
5.92        0.005       0.0105      236.2       16.5        16.5        4.5         4.5         41.         4.                      
5.945       0.005       0.0105      268.9       18.         18.         4.          4.          41.         4.                      
5.97        0.005       0.0105      343.7       22.5        22.5        9.          9.                                              
5.995       0.005       0.0105      329.7       21.1        21.1        7.3         7.3                                             
6.02        0.005       0.0105      303.        19.6        19.6        7.2         7.2                                             
6.045       0.005       0.0105      252.        16.7        16.7        7.          7.                                              
6.07        0.005       0.0105      276.1       18.5        18.5        8.2         8.2                                             
6.095       0.005       0.0105      325.9       21.9        21.9        9.9         9.9                                             
6.119       0.005       0.0105      341.4       22.7        22.7        9.8         9.8                                             
6.145       0.005       0.0105      408.4       26.9        26.9        11.1        11.1                                            
6.17        0.005       0.0105      439.5       27.7        27.7        8.6         8.6                                             
6.195       0.005       0.0105      362.3       25.2        25.2        8.6         8.6         16.         4.                      
6.222       0.005       0.01        294.4       21.3        21.3        7.9         7.9         16.         4.                      
6.245       0.005       0.01        283.3       19.2        19.2        5.          5.          16.         4.                      
6.27        0.005       0.01        300.4       19.8        19.8        4.1         4.1         16.         4.                      
6.295       0.005       0.01        318.2       20.6        20.6        3.8         3.8         16.         4.                      
6.32        0.005       0.01        332.6       22.3        22.3        6.          6.          16.         4.                      
6.345       0.005       0.01        372.5       24.4        24.4        9.8         9.8                                             
6.37        0.005       0.01        307.6       18.7        18.7        3.          3.                                              
6.395       0.005       0.01        303.6       20.         20.         6.7         6.7                                             
6.42        0.005       0.01        384.4       26.8        26.8        13.7        13.7                                            
6.445       0.005       0.01        372.7       24.2        24.2        9.3         9.3                                             
6.47        0.005       0.01        336.2       21.4        21.4        7.2         7.2                                             
6.495       0.005       0.01        264.9       16.7        16.7        5.1         5.1                                             
6.52        0.005       0.01        269.1       16.9        16.9        4.9         4.9                                             
6.645       0.005       0.01        267.5       18.         18.         8.2         8.2                                             
6.67        0.005       0.01        338.2       22.2        22.2        8.9         8.9                                       
