#N          DATA        ERR-S       
#MEV         MB          MB          
2.2841      7.5086e-03  4.6102e-03  
2.2872      3.4569e-03  4.1899e-03  
2.2904      6.0403e-05  3.8389e-03  
2.2935      8.1446e-03  3.7168e-03  
2.2967      4.4838e-03  3.3917e-03  
2.2998      1.4222e-03  3.1323e-03  
2.3103      9.8985e-04  2.6971e-03  
2.3209      4.0905e-03  2.5428e-03  
2.3314      4.7517e-04  2.3979e-03  
2.3420      7.0044e-04  2.3071e-03  
2.3489      9.8614e-04  2.2766e-03  
2.3521      2.2932e-03  2.2977e-03  
2.3553      6.6755e-03  2.3901e-03  
2.3585      2.8240e-03  2.3538e-03  
2.3601      7.1071e-03  2.4596e-03  
2.3617      2.9094e-04  2.3845e-03  
2.3633      2.0478e-03  2.4684e-03  
2.3641      3.6363e-02  3.0159e-03  
2.3649      7.9662e-02  3.5796e-03  
2.3657      8.2884e-02  3.6270e-03  
2.3665      7.6527e-02  3.5546e-03  
2.3673      4.5832e-02  3.1647e-03  
2.3681      2.1898e-02  2.8193e-03  
2.3689      1.6548e-02  2.7178e-03  
2.3697      1.6306e-02  2.6899e-03  
2.3705      1.0903e-02  2.5855e-03  
2.3713      1.1110e-02  2.5673e-03  
2.3729      1.3475e-02  2.5759e-03  
2.3761      1.3943e-02  2.5432e-03  
2.3793      1.3280e-02  2.5169e-03  
2.3825      1.7624e-02  2.5841e-03  
2.3857      1.8822e-02  2.6023e-03  
2.3889      1.3253e-02  2.5050e-03  
2.3921      2.2562e-02  2.6467e-03  
2.3929      1.5265e-02  2.5308e-03  
2.3937      2.0389e-02  2.6111e-03  
2.3945      5.1323e-02  3.0548e-03  
2.3953      1.0962e-01  3.7501e-03  
2.3961      1.6652e-01  4.3227e-03  
2.3969      1.7660e-01  4.4152e-03  
2.3978      1.4160e-01  4.0798e-03  
2.3986      1.0009e-01  3.6416e-03  
2.3994      6.8783e-02  3.2729e-03  
2.4002      4.7878e-02  3.0013e-03  
2.4010      3.6417e-02  2.8407e-03  
2.4018      2.8255e-02  2.7206e-03  
2.4034      2.9214e-02  2.7306e-03  
2.4050      3.3961e-02  2.8025e-03  
2.4066      2.7805e-02  2.7004e-03  
2.4098      2.7734e-02  2.6851e-03  
2.4098      2.9450e-02  2.5488e-03  
2.4131      3.3657e-02  2.7516e-03  
2.4179      3.8482e-02  2.6399e-03  
2.4179      4.0185e-02  2.8097e-03  
2.4227      3.0394e-02  2.4893e-03  
2.4276      3.1434e-02  2.4755e-03  
2.4325      3.2655e-02  2.4622e-03  
2.4357      3.1464e-02  2.4154e-03  
2.4389      3.1897e-02  2.4097e-03  
2.4398      4.4564e-02  2.6136e-03  
2.4406      5.1035e-02  2.7047e-03  
2.4414      6.0815e-02  2.8425e-03  
2.4422      1.0131e-01  3.3597e-03  
2.4433      1.7460e-01  4.1417e-03  
2.4444      1.9929e-01  4.3709e-03  
2.4452      1.9533e-01  4.3318e-03  
2.4460      1.4612e-01  3.8489e-03  
2.4468      1.1095e-01  3.4629e-03  
2.4476      8.7051e-02  3.1739e-03  
2.4487      5.1626e-02  2.6906e-03  
2.4498      4.8437e-02  2.6458e-03  
2.4509      4.2704e-02  2.5598e-03  
2.4525      4.0959e-02  2.5436e-03  
2.4541      4.2376e-02  2.5923e-03  
2.4557      4.8628e-02  2.7143e-03  
2.4574      5.0670e-02  2.8236e-03  
2.4590      4.9346e-02  3.0049e-03  
2.4606      3.8265e-02  3.3956e-03  
2.4614      3.3027e-02  3.9233e-03  
2.4623      4.7506e-02  5.1234e-03  
2.4631      4.7979e-02  6.3374e-03  
2.4639      4.5576e-02  6.6122e-03  
2.4647      5.3033e-02  5.5952e-03  
2.4655      6.5108e-02  6.5068e-03  
2.4663      6.7563e-02  6.6722e-03  
2.4672      8.5088e-02  5.5181e-03  
2.4680      8.7457e-02  4.5954e-03  
2.4688      1.1650e-01  4.2975e-03  
2.4696      1.4832e-01  4.2950e-03  
2.4704      1.9597e-01  4.5675e-03  
2.4712      2.0055e-01  4.5192e-03  
2.4721      1.9297e-01  4.3905e-03  
2.4729      1.7172e-01  4.1563e-03  
2.4737      1.5150e-01  3.9314e-03  
2.4745      1.4644e-01  3.8608e-03  
2.4753      1.3202e-01  3.6943e-03  
2.4761      1.2065e-01  3.5578e-03  
2.4770      1.1894e-01  3.5293e-03  
2.4780      1.2607e-01  3.6032e-03  
2.4791      1.3429e-01  3.6869e-03  
2.4791      1.3912e-01  3.8042e-03  
2.4802      1.6321e-01  3.9875e-03  
2.4813      1.9807e-01  4.3232e-03  
2.4824      2.2342e-01  4.6264e-03  
2.4824      2.2549e-01  4.6415e-03  
2.4830      2.3336e-01  4.6334e-03  
2.4846      3.4492e-01  5.5153e-03  
2.4857      4.1601e-01  6.1038e-03  
2.4879      8.1823e-01  8.2728e-03  
2.4890      1.1437e+00  9.8723e-03  
2.4922      1.9955e+00  1.2964e-02  
2.4939      2.4104e+00  1.4233e-02  
2.4955      2.2109e+00  1.3637e-02  
2.4972      1.8254e+00  1.2408e-02  
2.4988      1.4159e+00  1.0953e-02  
2.5021      8.7292e-01  8.5002e-03  
2.5054      6.0510e-01  7.0762e-03  
2.5087      4.5764e-01  6.1542e-03  
2.5103      4.2213e-01  5.9152e-03  
2.5120      4.0509e-01  5.7890e-03  
2.5136      3.7964e-01  5.6046e-03  
2.5153      3.7058e-01  5.5376e-03  
2.5161      3.6312e-01  5.4860e-03  
2.5169      3.2844e-01  5.2151e-03  
2.5177      3.2496e-01  5.1881e-03  
2.5186      3.2942e-01  5.2220e-03  
2.5194      3.1262e-01  5.0911e-03  
2.5202      2.9746e-01  4.9665e-03  
2.5210      2.9527e-01  4.9485e-03  
2.5219      2.9285e-01  4.9288e-03  
2.5235      2.6988e-01  4.7316e-03  
2.5246      2.7993e-01  4.8205e-03  
2.5262      2.6987e-01  4.7336e-03  
2.5279      2.6676e-01  4.7078e-03  
2.5296      2.6097e-01  4.6623e-03  
2.5329      2.6507e-01  4.8136e-03  
2.5329      2.8014e-01  4.9446e-03  
2.5329      2.8729e-01  5.0034e-03  
2.5362      2.8752e-01  5.9952e-03  
2.5395      2.7665e-01  8.7350e-03  
2.5428      2.6990e-01  1.0627e-02  
2.5461      2.7588e-01  9.1610e-03  
2.5494      2.7183e-01  7.7470e-03  
2.5527      3.1638e-01  9.2780e-03  
2.5561      3.5479e-01  1.0946e-02  
2.5594      3.7048e-01  9.1513e-03  
2.5627      4.0487e-01  6.7460e-03  
2.5660      4.9880e-01  6.5193e-03  
2.5694      5.4779e-01  6.7425e-03  
2.5727      5.8431e-01  6.9604e-03  
2.5760      6.4544e-01  7.3129e-03  
2.5794      7.3856e-01  7.8221e-03  
2.5827      8.5102e-01  8.3963e-03  
2.5860      1.0393e+00  9.2784e-03  
2.5894      1.2934e+00  1.0351e-02  
2.5927      1.6570e+00  1.1717e-02  
2.5961      2.1426e+00  1.3328e-02  
2.5994      2.6100e+00  1.4714e-02  
2.6028      2.8979e+00  1.5506e-02  
2.6061      2.8340e+00  1.5333e-02  
2.6095      2.5166e+00  1.4446e-02  
2.6129      2.0389e+00  1.2998e-02  
2.6162      1.6266e+00  1.1610e-02  
2.6196      1.1925e+00  9.9391e-03  
2.6229      9.4211e-01  8.8336e-03  
2.6263      7.7912e-01  8.0335e-03  
2.6297      6.9309e-01  7.5772e-03  
2.6313      7.3802e-01  7.8198e-03  
2.6330      7.7162e-01  7.9966e-03  
2.6347      8.7640e-01  8.5232e-03  
2.6356      9.0220e-01  8.6508e-03  
2.6364      9.0017e-01  8.6390e-03  
2.6381      7.9103e-01  8.1013e-03  
2.6398      6.8620e-01  7.5464e-03  
2.6415      5.4427e-01  6.7223e-03  
2.6432      4.7736e-01  6.2972e-03  
2.6449      4.5718e-01  6.1635e-03  
2.6465      4.2156e-01  5.9197e-03  
2.6482      4.7139e-01  6.2600e-03  
2.6491      5.3635e-01  6.6841e-03  
2.6499      6.2351e-01  7.1993e-03  
2.6508      6.3279e-01  7.2537e-03  
2.6516      5.9437e-01  7.0315e-03  
2.6525      5.3275e-01  6.6587e-03  
2.6533      4.3530e-01  6.0221e-03  
2.6541      4.0892e-01  5.8417e-03  
2.6541      4.2151e-01  5.9294e-03  
2.6550      3.2260e-01  5.1870e-03  
2.6550      3.6949e-01  5.5546e-03  
2.6567      3.0411e-01  5.0382e-03  
2.6567      3.1394e-01  5.1221e-03  
2.6584      2.8267e-01  4.8621e-03  
2.6601      2.5910e-01  4.6577e-03  
2.6635      2.3559e-01  4.4424e-03  
2.6669      2.2777e-01  4.3696e-03  
2.6703      2.3995e-01  4.4862e-03  
2.6736      2.5245e-01  4.6030e-03  
2.6770      2.4077e-01  4.4991e-03  
2.6804      2.2465e-01  4.3495e-03  
2.6804      2.3032e-01  4.4049e-03  
2.6839      2.2346e-01  4.3436e-03  
2.6873      2.2732e-01  4.3885e-03  
2.6907      2.3631e-01  4.4835e-03  
2.6941      2.6871e-01  4.7932e-03  
2.6975      2.8783e-01  4.9929e-03  
2.7009      3.5676e-01  5.6222e-03  
2.7043      4.4628e-01  6.5317e-03  
2.7077      5.2729e-01  8.8259e-03  
2.7094      6.4481e-01  1.3156e-02  
2.7103      6.6265e-01  1.5317e-02  
2.7112      7.1929e-01  1.3634e-02  
2.7120      6.9863e-01  1.4157e-02  
2.7129      7.4789e-01  1.5320e-02  
2.7137      7.8432e-01  1.3304e-02  
2.7146      8.2750e-01  1.1223e-02  
2.7154      8.6671e-01  1.0215e-02  
2.7163      9.2107e-01  9.7452e-03  
2.7180      1.1390e+00  1.0141e-02  
2.7197      1.4467e+00  1.1187e-02  
2.7214      2.0787e+00  1.3295e-02  
2.7231      3.0189e+00  1.5974e-02  
2.7248      4.6906e+00  1.9897e-02  
2.7266      6.8711e+00  2.4101e-02  
2.7283      9.1006e+00  2.7725e-02  
2.7291      1.0939e+01  3.0479e-02  
2.7300      1.1679e+01  3.1532e-02  
2.7309      1.1499e+01  3.1266e-02  
2.7317      9.9988e+00  2.9102e-02  
2.7334      7.8795e+00  2.5813e-02  
2.7352      6.3042e+00  2.3079e-02  
2.7386      4.3111e+00  1.9069e-02  
2.7420      2.7062e+00  1.5116e-02  
2.7455      1.5735e+00  1.1522e-02  
2.7489      1.0325e+00  9.3338e-03  
2.7524      8.0395e-01  8.2374e-03  
2.7558      6.4745e-01  7.3938e-03  
2.7558      7.0220e-01  7.7010e-03  
2.7593      5.8860e-01  7.0523e-03  
2.7627      5.1709e-01  6.6110e-03  
2.7662      4.6339e-01  6.2596e-03  
2.7696      4.9100e-01  6.4432e-03  
2.7731      6.2612e-01  7.2751e-03  
2.7748      7.0562e-01  7.7246e-03  
2.7765      7.8405e-01  8.1425e-03  
2.7783      8.6227e-01  8.5405e-03  
2.7800      1.0367e+00  9.3655e-03  
2.7817      1.1276e+00  9.7695e-03  
2.7826      1.0031e+00  9.2195e-03  
2.7835      8.1867e-01  8.3256e-03  
2.7835      8.3906e-01  8.4303e-03  
2.7843      6.8649e-01  7.6292e-03  
2.7852      6.3833e-01  7.3584e-03  
2.7869      5.9416e-01  7.1009e-03  
2.7904      6.0222e-01  7.1501e-03  
2.7939      6.1331e-01  7.2176e-03  
2.7974      6.3054e-01  7.3178e-03  
2.8008      6.6634e-01  7.5239e-03  
2.8043      7.0097e-01  7.7179e-03  
2.8078      6.9938e-01  7.7104e-03  
2.8095      7.2535e-01  7.8535e-03  
2.8104      8.5697e-01  8.5389e-03  
2.8113      9.5076e-01  8.9917e-03  
2.8121      9.0777e-01  8.7895e-03  
2.8130      8.5690e-01  8.5414e-03  
2.8139      7.8905e-01  8.1981e-03  
2.8148      7.8110e-01  8.1586e-03  
2.8182      8.0459e-01  8.2827e-03  
2.8200      7.5434e-01  1.0841e-02  
2.8200      8.0466e-01  1.1193e-02  
2.8200      8.0878e-01  1.1219e-02  
2.8217      9.3707e-01  1.2640e-02  
2.8217      9.4387e-01  1.2115e-02  
2.8235      1.2752e+00  1.4080e-02  
2.8252      1.4570e+00  1.5053e-02  
2.8270      1.3145e+00  1.4299e-02  
2.8287      1.2024e+00  1.3676e-02  
2.8305      1.2573e+00  1.3993e-02  
2.8322      1.3740e+00  1.4624e-02  
2.8340      1.6145e+00  1.5853e-02  
2.8357      2.1144e+00  1.8144e-02  
2.8375      2.7608e+00  2.0735e-02  
2.8392      3.6702e+00  2.3914e-02  
2.8410      5.4463e+00  2.9146e-02  
2.8427      8.6886e+00  3.6848e-02  
2.8445      1.3788e+01  4.6487e-02  
2.8453      1.5963e+01  5.0071e-02  
2.8462      1.5163e+01  4.8783e-02  
2.8471      1.3490e+01  4.5982e-02  
2.8480      9.2125e+00  3.7967e-02  
2.8480      9.3440e+00  3.8242e-02  
2.8497      4.0660e+00  2.5191e-02  
2.8515      2.3020e+00  1.8950e-02  
2.8524      2.0431e+00  1.7854e-02  
2.8532      2.0324e+00  1.7809e-02  
2.8541      2.1575e+00  1.8350e-02  
2.8550      2.6803e+00  2.0456e-02  
2.8567      5.2442e+00  2.8630e-02  
2.8585      1.4658e+01  4.7955e-02  
2.8594      1.7082e+01  5.1830e-02  
2.8603      1.6375e+01  5.0729e-02  
2.8611      1.3506e+01  4.6057e-02  
2.8620      9.8571e+00  3.9278e-02  
2.8638      4.4405e+00  2.6352e-02  
2.8655      2.3340e+00  1.9102e-02  
2.8673      1.5209e+00  1.5423e-02  
2.8673      1.5437e+00  1.5536e-02  
2.8691      1.3180e+00  1.4359e-02  
2.8708      1.2911e+00  1.4212e-02  
2.8726      1.3955e+00  1.4776e-02  
2.8743      1.6284e+00  1.5963e-02  
2.8779      2.4163e+00  1.9449e-02  
2.8796      3.1618e+00  2.2253e-02  
2.8796      3.2101e+00  2.2426e-02  
2.8814      4.5897e+00  2.6832e-02  
2.8823      5.5342e+00  2.9474e-02  
2.8827      6.0293e+00  3.0749e-02  
2.8832      6.3697e+00  3.1631e-02  
2.8840      5.8046e+00  3.0194e-02  
2.8849      4.9272e+00  2.7813e-02  
2.8854      4.6649e+00  2.7041e-02  
2.8867      2.9765e+00  2.1608e-02  
2.8885      1.8752e+00  1.7149e-02  
2.8902      1.3292e+00  1.4439e-02  
2.8926      9.0144e-01  1.1892e-02  
2.8949      7.5025e-01  1.0851e-02  
2.8961      7.2686e-01  1.0689e-02  
2.8973      7.4851e-01  1.0839e-02  
2.8985      7.7164e-01  1.1016e-02  
2.8996      1.0229e+00  1.2671e-02  
2.9008      1.4656e+00  1.5175e-02  
2.9032      2.4514e+00  1.9625e-02  
2.9044      2.7382e+00  2.0745e-02  
2.9055      2.8136e+00  2.1031e-02  
2.9067      2.6340e+00  2.0351e-02  
2.9091      2.0913e+00  1.8133e-02  
2.9109      1.6830e+00  2.2111e-02  
2.9114      1.6880e+00  1.6293e-02  
2.9138      1.4022e+00  2.0181e-02  
2.9162      1.2951e+00  1.4275e-02  
2.9197      1.1590e+00  1.8347e-02  
2.9215      1.1141e+00  1.3245e-02  
2.9256      1.0395e+00  1.7380e-02  
2.9316      1.1272e+00  1.8093e-02  
2.9316      1.1581e+00  1.8339e-02  
2.9375      1.4383e+00  2.0444e-02  
2.9434      1.8589e+00  2.3243e-02  
2.9494      2.8789e+00  2.8922e-02  
2.9553      3.7558e+00  3.3041e-02  
2.9613      4.9105e+00  3.7788e-02  
2.9643      5.2549e+00  3.9099e-02  
2.9672      4.8109e+00  3.7403e-02  
2.9672      4.8964e+00  3.7742e-02  
2.9732      3.3408e+00  3.1169e-02  
2.9732      3.4666e+00  3.1757e-02  
2.9792      2.4970e+00  2.6954e-02  
2.9792      2.5581e+00  2.7277e-02  
2.9852      1.5782e+00  2.1434e-02  
2.9912      9.2366e-01  1.6404e-02  
2.9971      7.4103e-01  1.4707e-02  
2.9971      7.7734e-01  1.5060e-02  
3.0032      7.1907e-01  1.4480e-02  
3.0092      7.2303e-01  1.4522e-02  
3.0122      9.0805e-01  1.6273e-02  
3.0137      1.0837e+00  1.7777e-02  
3.0152      1.5844e+00  2.1490e-02  
3.0167      2.3553e+00  2.6202e-02  
3.0182      3.5284e+00  3.2074e-02  
3.0197      3.5352e+00  3.2107e-02  
3.0212      2.4587e+00  2.6777e-02  
3.0227      1.4849e+00  2.0813e-02  
3.0242      1.1565e+00  1.8372e-02  
3.0257      1.0232e+00  1.7284e-02  
3.0272      9.9947e-01  1.7088e-02  
3.0302      1.2296e+00  1.8950e-02  
3.0332      1.7976e+00  2.2909e-02  
3.0347      1.8004e+00  2.2939e-02  
3.0347      1.8368e+00  2.3166e-02  
3.0362      1.5290e+00  2.1134e-02  
3.0393      1.2133e+00  1.8842e-02  
3.0453      9.1651e-01  1.6385e-02  
3.0513      6.8445e-01  1.4168e-02  
3.0574      5.7110e-01  1.2950e-02  
3.0635      5.4835e-01  1.2696e-02  
3.0695      7.4389e-01  1.4778e-02  
3.0756      1.2393e+00  1.9061e-02  
3.0786      1.3851e+00  2.0146e-02  
3.0817      1.2614e+00  1.9229e-02  
3.0877      9.4737e-01  1.6674e-02  
3.0938      7.7071e-01  1.5065e-02  
3.0938      7.9751e-01  1.5310e-02  
3.0999      7.6726e-01  1.5018e-02  
